0.00125126 0.563585
9.15555e-005 0.562822
0.00268563 0.564714
0.00192267 0.565386
0.00320444 0.564226
0.00109867 0.565844
0.000122074 0.56563
0.00412 0.562639
0.00292978 0.566424
0.00250252 0.567797
0.00372326 0.567492
0.00567644 0.56212
0.00558489 0.565752
0.00872829 0.561968
0.00381481 0.55623
0.00912503 0.565996
0.000122074 0.571856
0.00927763 0.566851
3.05185e-005 0.572619
0.00570696 0.555559
0.193304 0.808741
0.193396 0.808649
0.193487 0.80929
0.194403 0.808741
0.192907 0.812586
0.189215 0.810205
0.196448 0.805261
0.188147 0.810877
0.187719 0.80932
0.198523 0.810999
0.18778 0.810572
0.18891 0.802942
0.188513 0.803247
0.188116 0.814081
0.186041 0.80578
0.194464 0.800714
0.193243 0.816919
0.188574 0.801508
0.196173 0.800531
0.194983 0.817347
0.585009 0.479873
0.587268 0.479843
0.582537 0.479293
0.583911 0.47734
0.587115 0.477859
0.587024 0.476363
0.587512 0.476547
0.581378 0.477676
0.583972 0.475723
0.588977 0.478225
0.588244 0.48384
0.582842 0.48497
0.589892 0.477004
0.58446 0.485611
0.587909 0.484939
0.589923 0.476089
0.591021 0.481582
0.589434 0.47499
0.583026 0.48616
0.591388 0.482284
0.350291 0.895962
0.349467 0.895566
0.349071 0.895322
0.349071 0.896664
0.350322 0.898038
0.350749 0.898312
0.3502 0.893429
0.347697 0.898526
0.352794 0.892972
0.353343 0.898495
0.352123 0.899777
0.354656 0.894314
0.348552 0.891476
0.345531 0.894559
0.346568 0.892026
0.345134 0.898099
0.345286 0.892514
0.345012 0.892056
0.346263 0.890683
0.355846 0.892148
0.82284 0.746605
0.821924 0.747154
0.823939 0.747734
0.821345 0.744682
0.823634 0.74926
0.824213 0.743065
0.821223 0.742943
0.821009 0.742882
0.82638 0.744133
0.823267 0.741508
0.827509 0.749046
0.821039 0.741325
0.819147 0.750816
0.826807 0.750847
0.824213 0.752373
0.821894 0.740318
0.821863 0.753258
0.829157 0.749046
0.817743 0.751122
0.815973 0.74691
0.174108 0.858943
0.172582 0.859584
0.173528 0.860897
0.17539 0.857173
0.171484 0.857509
0.173254 0.856014
0.172124 0.861385
0.176397 0.856594
0.171667 0.856563
0.171697 0.862575
0.170385 0.862484
0.179235 0.85992
0.177496 0.863124
0.179174 0.856319
0.17127 0.864132
0.17243 0.864772
0.176031 0.85284
0.177618 0.853542
0.169012 0.854091
0.175817 0.851863
0.710501 0.513535
0.710959 0.513749
0.711905 0.512986
0.709494 0.515244
0.71221 0.510697
0.711814 0.517075
0.71456 0.513901
0.712241 0.517685
0.708975 0.517991
0.705252 0.513932
0.706687 0.509568
0.712088 0.507309
0.714225 0.518784
0.715232 0.517899
0.71569 0.517808
0.710715 0.52028
0.716147 0.50969
0.708762 0.506912
0.712943 0.520127
0.703024 0.513932
0.303995 0.0149846
0.303842 0.0137638
0.302866 0.0166631
0.301859 0.0160222
0.306681 0.0144963
0.300699 0.0136113
0.302072 0.0185247
0.30491 0.0194708
0.309061 0.0141911
0.29957 0.0120548
0.309305 0.0159612
0.299905 0.00985748
0.302866 0.00845363
0.29722 0.0128483
0.304575 0.00781274
0.305063 0.00784326
0.308023 0.0210578
0.297067 0.0174566
0.29902 0.020539
0.304117 0.00701926
0.0914029 0.364452
0.0909452 0.363323
0.0893277 0.364788
0.0934172 0.362926
0.093936 0.364055
0.0884121 0.36549
0.0946074 0.364879
0.0933866 0.367809
0.0922575 0.36845
0.0872829 0.363811
0.0875271 0.361766
0.0938139 0.358989
0.092288 0.358257
0.0970794 0.36726
0.0861538 0.360881
0.0873745 0.369579
0.0858486 0.360179
0.0951262 0.370495
0.0891751 0.35728
0.0949431 0.357585
0.147313 0.165899
0.148534 0.163976
0.149541 0.167547
0.149937 0.167089
0.144139 0.163579
0.150914 0.167669
0.142674 0.167364
0.147618 0.171026
0.151646 0.163091
0.14185 0.164678
0.142735 0.169164
0.152776 0.16419
0.152257 0.169073
0.141606 0.162816
0.142399 0.161321
0.149968 0.159612
0.149571 0.159429
0.140538 0.164464
0.142888 0.160558
0.140385 0.166356
0.988525 0.445692
0.989776 0.44322
0.986236 0.44734
0.985626 0.446547
0.985046 0.444288
0.992828 0.445021
0.989288 0.441389
0.989502 0.450575
0.989959 0.440687
0.990936 0.44084
0.983276 0.447981
0.986145 0.451491
0.982543 0.442244
0.987518 0.45262
0.987518 0.452651
0.994995 0.448714
0.995849 0.443281
0.988098 0.453536
0.989776 0.437391
0.992218 0.453261
0.119083 0.00466933
0.117588 0.00469985
0.115818 0.00537126
0.116367 0.00781274
0.12421 0.00561541
0.113681 0.00393689
0.123386 0.000762963
0.12421 0.00180059
0.125156 0.00433363
0.119175 0.0109867
0.125584 0.00460829
0.113224 0.00836207
0.115635 0.0110172
0.127018 0.00628681
0.111423 0.00781274
0.119297 0.0135807
0.114414 0.0123905
0.128239 0.00402844
0.122654 0.0135807
0.121403 0.0142216
0.0089114 0.37788
0.00781274 0.377819
0.0101321 0.376873
0.0111087 0.379192
0.00860622 0.381542
0.0117191 0.375256
0.00506607 0.375805
0.0127873 0.375042
0.0128178 0.380688
0.00564592 0.374248
0.0118717 0.373638
0.00671407 0.382611
0.0126957 0.381939
0.0115665 0.372997
0.00341807 0.379528
0.00555437 0.373211
0.013245 0.381787
0.0101932 0.383984
0.0145878 0.375042
0.0133366 0.372509
0.531663 0.571184
0.532334 0.570421
0.531877 0.568804
0.529893 0.573473
0.529313 0.573443
0.535478 0.570025
0.534715 0.573778
0.532823 0.567248
0.529893 0.575121
0.527299 0.571612
0.529832 0.566881
0.529649 0.566668
0.531602 0.57625
0.527329 0.574175
0.536271 0.567583
0.526933 0.567553
0.537584 0.570269
0.525559 0.571642
0.527207 0.566607
0.534776 0.565569
0.601764 0.607166
0.600299 0.605579
0.602191 0.609302
0.602802 0.604663
0.601825 0.603015
0.598865 0.603748
0.600665 0.61153
0.599353 0.611103
0.601032 0.611957
0.603778 0.602649
0.599231 0.611774
0.607196 0.604938
0.605213 0.611988
0.60152 0.613117
0.595477 0.606861
0.601398 0.600757
0.606616 0.611408
0.604511 0.613483
0.602771 0.614032
0.598407 0.600452
0.166234 0.663045
0.165441 0.663381
0.166173 0.665456
0.165349 0.659871
0.16538 0.658986
0.162053 0.66448
0.16187 0.664785
0.168737 0.667714
0.169347 0.658712
0.168981 0.657308
0.16184 0.667684
0.161534 0.66747
0.170415 0.668538
0.172796 0.660237
0.161596 0.657491
0.162358 0.669454
0.173956 0.661733
0.173833 0.665517
0.158452 0.660726
0.17362 0.666616
0.450789 0.352123
0.450606 0.353282
0.451796 0.350841
0.44911 0.351756
0.45204 0.353587
0.452712 0.351909
0.448744 0.353679
0.453322 0.354198
0.447737 0.353771
0.448042 0.349498
0.446059 0.354381
0.447005 0.355754
0.451033 0.346171
0.453932 0.357585
0.451613 0.345714
0.44966 0.358501
0.443495 0.350139
0.457198 0.34785
0.447493 0.359233
0.458235 0.355205
0.0570391 0.607685
0.0580462 0.608936
0.0581072 0.60506
0.0545061 0.609088
0.0587481 0.61034
0.0575579 0.611805
0.0612506 0.607044
0.0566118 0.603229
0.0526749 0.610797
0.0572222 0.602252
0.0518204 0.605579
0.0593585 0.613056
0.0614032 0.612232
0.0611591 0.6133
0.0542619 0.601276
0.0550859 0.614399
0.0551775 0.614551
0.0520035 0.612964
0.063448 0.611225
0.0498062 0.60976
0.783319 0.802606
0.781945 0.802026
0.785791 0.802026
0.780755 0.804041
0.780206 0.800897
0.783715 0.806543
0.779138 0.802576
0.779229 0.801141
0.784326 0.807245
0.779015 0.800287
0.778314 0.802454
0.781335 0.797662
0.784204 0.797327
0.778314 0.8052
0.789056 0.801996
0.778344 0.799219
0.789209 0.800378
0.789422 0.806452
0.777062 0.806513
0.790796 0.804041
0.519883 0.30195
0.520066 0.300455
0.519211 0.299387
0.522843 0.301187
0.51738 0.299783
0.523179 0.303476
0.518326 0.305643
0.518143 0.298196
0.522629 0.29725
0.523331 0.306436
0.514145 0.302255
0.525132 0.298929
0.517747 0.295419
0.518326 0.308847
0.514023 0.306101
0.512772 0.303629
0.521867 0.309153
0.526811 0.305338
0.51265 0.299081
0.52739 0.304056
0.875973 0.726676
0.876003 0.726859
0.877987 0.727592
0.87466 0.724845
0.87344 0.725547
0.873348 0.725028
0.871822 0.726371
0.876247 0.722404
0.880245 0.727226
0.871395 0.728507
0.871639 0.729392
0.876064 0.731986
0.876736 0.732047
0.881252 0.728172
0.877071 0.732353
0.873043 0.721397
0.878292 0.721
0.879208 0.731956
0.881283 0.730033
0.872585 0.721183
0.955901 0.925718
0.956236 0.924436
0.95468 0.923063
0.952757 0.926267
0.959746 0.928068
0.9541 0.921537
0.952727 0.929441
0.957945 0.920682
0.954314 0.919187
0.95349 0.919431
0.958647 0.932096
0.953185 0.919187
0.957549 0.918668
0.949339 0.929075
0.948881 0.923246
0.962035 0.921445
0.959166 0.932493
0.961241 0.920072
0.949339 0.921384
0.958251 0.91821
0.539354 0.142338
0.539628 0.140782
0.537492 0.142033
0.538713 0.1442
0.5374 0.142979
0.540605 0.138981
0.541276 0.145451
0.537614 0.139103
0.541398 0.145482
0.540971 0.146428
0.535813 0.139073
0.544328 0.14594
0.534165 0.145909
0.535875 0.147679
0.541948 0.148289
0.539201 0.1489
0.532426 0.14246
0.542497 0.136082
0.542314 0.135807
0.532182 0.143132
0.462081 0.235328
0.462996 0.236488
0.461257 0.234077
0.464431 0.235511
0.464095 0.233589
0.460952 0.23777
0.4644 0.233833
0.460158 0.238136
0.461104 0.232063
0.465133 0.233375
0.466659 0.237007
0.456893 0.233924
0.456954 0.239082
0.458571 0.240669
0.467544 0.238838
0.456771 0.231513
0.468764 0.236641
0.467513 0.231178
0.466475 0.240577
0.455306 0.236915
0.862239 0.209601
0.86346 0.207251
0.86166 0.206702
0.865139 0.211554
0.865627 0.210913
0.858608 0.209052
0.859096 0.207343
0.858852 0.21189
0.861629 0.214423
0.860042 0.214759
0.868099 0.208197
0.863247 0.215583
0.862636 0.215735
0.861049 0.215827
0.855892 0.210364
0.865749 0.204077
0.856319 0.213141
0.857631 0.20426
0.86935 0.209082
0.862362 0.216987
0.779656 0.843654
0.78161 0.843806
0.780908 0.845363
0.782495 0.841578
0.77813 0.847316
0.780969 0.84753
0.778161 0.839808
0.783166 0.845912
0.78161 0.847407
0.781701 0.838893
0.783471 0.847499
0.785028 0.84228
0.774987 0.840541
0.780236 0.850124
0.784356 0.848903
0.786737 0.845454
0.771691 0.843684
0.779778 0.835566
0.783227 0.83636
0.775628 0.850856
0.996796 0.999695
0.99646 0.999939
0.994293 0.998718
0.994263 0.998291
0.99939 0.998108
0.9953 0.996551
0.998474 0.996521
0.991821 0.997986
0.993377 0.995117
0.996429 0.993561
0.996246 0.992889
0.998321 0.99292
0.991272 0.99527
0.989837 0.996643
0.994385 0.991821
0.996216 0.991272
0.999298 0.991211
0.988281 0.996796
0.988556 0.995483
0.997955 0.990143
0.611499 0.392438
0.612293 0.39201
0.611286 0.394299
0.607898 0.390545
0.60744 0.390423
0.607105 0.39024
0.606738 0.394604
0.606189 0.392102
0.61681 0.390851
0.616016 0.389203
0.606677 0.395245
0.607868 0.388104
0.606281 0.395184
0.61037 0.386547
0.611682 0.39848
0.610431 0.386395
0.616962 0.38847
0.607501 0.397931
0.618213 0.390606
0.608295 0.38612
0.266213 0.297281
0.265297 0.29783
0.268075 0.294626
0.262917 0.29606
0.266915 0.293832
0.269234 0.300241
0.270577 0.294198
0.267403 0.291971
0.263131 0.302347
0.260475 0.294992
0.269387 0.302683
0.262093 0.302133
0.262368 0.30253
0.264534 0.303629
0.26661 0.303964
0.272774 0.295083
0.270821 0.29191
0.260628 0.292825
0.259102 0.294443
0.25895 0.294839
0.840144 0.0237434
0.839534 0.025544
0.840693 0.0213935
0.842433 0.0220649
0.838191 0.0265206
0.839259 0.0199896
0.839625 0.0277718
0.836024 0.023957
0.842616 0.0270699
0.844386 0.023011
0.837611 0.0197455
0.844539 0.025605
0.840175 0.0187078
0.841639 0.0186163
0.837489 0.0287484
0.845851 0.0235908
0.837153 0.029725
0.845515 0.0278024
0.840999 0.030427
0.838496 0.0305185
0.375866 0.0926237
0.376507 0.0924711
0.376141 0.0920133
0.375286 0.0909452
0.375591 0.0904569
0.372875 0.0946989
0.378613 0.0950346
0.372753 0.0950041
0.37843 0.0894192
0.380047 0.0943327
0.371136 0.0904263
0.372356 0.0974456
0.381634 0.094821
0.373486 0.0863674
0.369182 0.0917081
0.378338 0.0862453
0.369213 0.095706
0.374523 0.100467
0.375805 0.10062
0.371105 0.0861232
0.677206 0.0562151
0.679037 0.0563982
0.679556 0.0550249
0.676229 0.0537431
0.679952 0.0568865
0.678121 0.0519425
0.679647 0.0516373
0.680044 0.0515152
0.674245 0.0512711
0.671316 0.0562151
0.682119 0.0515458
0.67394 0.0623188
0.677023 0.0492264
0.672414 0.0511185
0.680013 0.0628071
0.683767 0.0530107
0.671834 0.0612506
0.683584 0.060213
0.677908 0.048616
0.683798 0.060152
0.00878933 0.91879
0.00915555 0.915983
0.00961333 0.922697
0.00537126 0.916196
0.00482192 0.917142
0.00955229 0.914365
0.0135807 0.919767
0.0122684 0.923124
0.0142216 0.91699
0.0129398 0.914304
0.0141911 0.922239
0.00689718 0.912626
0.0134587 0.923368
0.0112308 0.925108
0.0151677 0.91586
0.0126041 0.925321
0.00137333 0.916288
0.0151067 0.923795
0.00701926 0.910062
0.0104373 0.909635
0.275887 0.272897
0.272622 0.272469
0.275002 0.269326
0.278573 0.269539
0.272683 0.276101
0.279336 0.268258
0.277505 0.267342
0.274697 0.279031
0.279092 0.278512
0.271371 0.268136
0.275399 0.279611
0.280038 0.278573
0.279916 0.266915
0.269601 0.276833
0.279489 0.279519
0.268471 0.271432
0.270394 0.279763
0.276528 0.264046
0.278665 0.281594
0.284951 0.271462
0.587909 0.691183
0.587146 0.688894
0.587176 0.68807
0.584552 0.691122
0.589068 0.694937
0.584552 0.693258
0.587817 0.686666
0.590686 0.694937
0.590594 0.69509
0.588794 0.686331
0.592517 0.693381
0.582842 0.693381
0.588122 0.697775
0.586718 0.684591
0.594623 0.692557
0.581439 0.69396
0.581378 0.687979
0.580096 0.690298
0.587054 0.699057
0.595874 0.691214
0.837611 0.726493
0.837153 0.729972
0.838099 0.722831
0.834773 0.730735
0.831782 0.724479
0.831416 0.727348
0.837001 0.720237
0.837519 0.71984
0.844356 0.724906
0.843562 0.722739
0.841884 0.732627
0.844386 0.729911
0.842555 0.732261
0.832362 0.720817
0.83047 0.730827
0.833644 0.733848
0.832087 0.720206
0.842372 0.719504
0.84518 0.722617
0.831233 0.732353
0.484939 0.205359
0.484024 0.204169
0.484298 0.208014
0.488907 0.20307
0.480728 0.20719
0.487869 0.201239
0.490371 0.203894
0.479293 0.206091
0.484207 0.211463
0.478774 0.206153
0.4803 0.20951
0.491531 0.204291
0.488113 0.199469
0.490432 0.209449
0.47908 0.201514
0.487533 0.211951
0.479812 0.210273
0.477523 0.205206
0.488296 0.198309
0.478256 0.201147
0.743736 0.468459
0.745659 0.469741
0.747124 0.46614
0.739616 0.468276
0.7416 0.463576
0.738823 0.472793
0.740745 0.474288
0.745689 0.462081
0.742515 0.461165
0.737571 0.46437
0.745231 0.460982
0.738121 0.46321
0.738426 0.474044
0.737449 0.473098
0.73928 0.475784
0.739708 0.460799
0.740257 0.460372
0.746239 0.459731
0.739463 0.476577
0.735038 0.465407
0.457961 0.949156
0.457137 0.950102
0.455489 0.94879
0.460585 0.947356
0.460646 0.947417
0.45439 0.948881
0.456191 0.952483
0.453902 0.950774
0.459883 0.944884
0.461379 0.945036
0.457564 0.943815
0.457472 0.954527
0.461653 0.953551
0.452437 0.950926
0.458083 0.943083
0.463576 0.9523
0.453902 0.94409
0.460616 0.942686
0.457259 0.942106
0.453688 0.954863
0.744438 0.10828
0.742668 0.10712
0.746635 0.106754
0.742454 0.105655
0.744835 0.104892
0.744804 0.112339
0.748314 0.110904
0.740501 0.111728
0.740135 0.105075
0.745231 0.102878
0.741905 0.103183
0.744102 0.102481
0.742119 0.113895
0.751183 0.107456
0.750816 0.111515
0.737175 0.107669
0.741356 0.101566
0.750175 0.103366
0.736595 0.108036
0.74929 0.114933
0.599048 0.385235
0.59856 0.381695
0.601428 0.388195
0.599902 0.389111
0.595264 0.389325
0.596667 0.390332
0.601001 0.379894
0.601733 0.390637
0.597156 0.379192
0.596332 0.378979
0.594867 0.39082
0.599017 0.378246
0.595172 0.391736
0.600787 0.392834
0.5974 0.393384
0.596271 0.377056
0.59856 0.376476
0.591296 0.38081
0.591479 0.389996
0.594073 0.377789
0.735008 0.608966
0.732933 0.609851
0.733238 0.611621
0.731071 0.609272
0.730949 0.606403
0.730064 0.608875
0.729179 0.608203
0.740745 0.612049
0.734916 0.6021
0.732353 0.602466
0.735466 0.615986
0.742027 0.604968
0.742393 0.605609
0.731254 0.601672
0.738731 0.616535
0.733604 0.600421
0.742637 0.6133
0.726005 0.608234
0.744133 0.610462
0.73339 0.599719
0.572405 0.361339
0.573382 0.361644
0.572954 0.362896
0.571306 0.363323
0.569994 0.359752
0.569567 0.36021
0.573901 0.364055
0.568651 0.360271
0.574847 0.358104
0.568804 0.359203
0.569933 0.357677
0.577105 0.361461
0.573656 0.356243
0.574755 0.366314
0.568743 0.366863
0.565905 0.359966
0.568499 0.355724
0.579302 0.362102
0.574816 0.36845
0.577044 0.355113
0.151555 0.225105
0.152684 0.224952
0.151158 0.223975
0.148717 0.224372
0.148473 0.2266
0.148076 0.223823
0.149052 0.228889
0.152257 0.229713
0.149113 0.229377
0.156713 0.224097
0.147771 0.220496
0.147679 0.230049
0.145573 0.222388
0.145116 0.223365
0.151402 0.231941
0.154546 0.231666
0.146458 0.230262
0.150548 0.217353
0.146764 0.231452
0.159703 0.225105
0.425153 0.802881
0.424085 0.801508
0.426374 0.801538
0.427961 0.80343
0.426527 0.806482
0.427808 0.799127
0.426496 0.807825
0.42201 0.807947
0.426466 0.796869
0.427473 0.808588
0.419111 0.804926
0.422468 0.796991
0.4185 0.804041
0.418378 0.802545
0.418317 0.802301
0.428816 0.797021
0.427717 0.809565
0.418683 0.799188
0.417554 0.803705
0.432142 0.798975
0.517106 0.98999
0.518601 0.991363
0.516556 0.987976
0.518296 0.992309
0.519822 0.991119
0.51915 0.992279
0.513779 0.991516
0.513871 0.987152
0.521287 0.988372
0.511765 0.989654
0.521104 0.994171
0.521805 0.986358
0.513901 0.98471
0.523423 0.988281
0.518693 0.996368
0.510605 0.988586
0.516556 0.996735
0.518632 0.983337
0.510239 0.988556
0.520829 0.996338
0.751549 0.345561
0.751518 0.346629
0.754875 0.341746
0.748955 0.350963
0.757042 0.348369
0.752403 0.339396
0.753502 0.351756
0.758141 0.344462
0.747459 0.350871
0.74929 0.35197
0.753838 0.352458
0.758568 0.349223
0.75927 0.347697
0.74337 0.346202
0.754753 0.337657
0.757866 0.339824
0.754631 0.337565
0.760338 0.344401
0.750328 0.336344
0.742454 0.342784
0.168981 0.657308
0.169347 0.658712
0.170263 0.654622
0.169774 0.654225
0.167638 0.654164
0.169195 0.653645
0.16538 0.658986
0.165349 0.659871
0.172796 0.660237
0.171117 0.652425
0.174169 0.656026
0.171972 0.652638
0.166234 0.663045
0.163091 0.654683
0.173956 0.661733
0.168432 0.650472
0.165441 0.663381
0.164006 0.651997
0.161596 0.657491
0.176458 0.655324
0.491897 0.0635395
0.493484 0.0650349
0.491653 0.0668966
0.495376 0.0635395
0.488327 0.0637226
0.494949 0.0607624
0.496475 0.0624409
0.487991 0.0602435
0.49733 0.0624409
0.495621 0.059328
0.486068 0.0639058
0.498184 0.0643635
0.498062 0.0614948
0.485427 0.0650044
0.496323 0.0585345
0.498581 0.0646077
0.492599 0.0703452
0.498642 0.0648213
0.496445 0.0583819
0.497543 0.0593585
0.699759 0.504807
0.7004 0.504105
0.701285 0.504227
0.697409 0.504379
0.697012 0.503403
0.697317 0.502396
0.697012 0.507859
0.695608 0.503098
0.698813 0.509751
0.703055 0.500809
0.703604 0.508408
0.694601 0.507004
0.697623 0.499252
0.703848 0.50029
0.696493 0.509964
0.706351 0.504776
0.705679 0.50148
0.694754 0.49971
0.692618 0.505478
0.702933 0.498367
0.147496 0.949583
0.147832 0.948149
0.14539 0.948332
0.146977 0.952574
0.14655 0.953917
0.145177 0.953948
0.144078 0.953642
0.147954 0.943968
0.149998 0.954894
0.145054 0.943876
0.142064 0.953093
0.152989 0.953215
0.149571 0.956328
0.149022 0.942534
0.140202 0.950285
0.140141 0.950041
0.140568 0.946532
0.155004 0.95175
0.153172 0.94406
0.151738 0.956603
0.141575 0.905118
0.141881 0.904904
0.14243 0.904355
0.142705 0.907376
0.142125 0.908628
0.13947 0.908597
0.145634 0.904782
0.13712 0.908475
0.143529 0.910367
0.146275 0.908811
0.147588 0.907712
0.139195 0.911283
0.138462 0.911008
0.14771 0.902158
0.134953 0.907407
0.134434 0.90463
0.14713 0.900296
0.138462 0.912168
0.145665 0.898434
0.146214 0.911924
0.692892 0.303049
0.694418 0.302042
0.693411 0.301187
0.693899 0.300974
0.694082 0.305063
0.690756 0.304025
0.693991 0.30607
0.690786 0.300455
0.689261 0.303568
0.688803 0.301798
0.694479 0.307566
0.689291 0.299081
0.68984 0.298563
0.698447 0.306223
0.691 0.296731
0.692312 0.296365
0.690725 0.309824
0.695212 0.309915
0.689383 0.309397
0.685568 0.301889
0.426557 0.0703757
0.425855 0.0701621
0.425825 0.0718406
0.429151 0.0715354
0.429212 0.0689413
0.425214 0.0730918
0.423353 0.0697348
0.424116 0.0677511
0.429914 0.0690939
0.426588 0.0744957
0.425123 0.0744957
0.430128 0.0732139
0.431379 0.0691244
0.425977 0.075808
0.430677 0.0739769
0.42555 0.0649739
0.421979 0.0670492
0.425153 0.0759301
0.425031 0.0645466
0.424665 0.0643635
0.966613 0.683187
0.966063 0.682302
0.9653 0.680685
0.968932 0.685141
0.963225 0.68218
0.962889 0.681387
0.962493 0.683798
0.971465 0.682302
0.961364 0.682119
0.971862 0.681204
0.964354 0.688528
0.962218 0.678915
0.969909 0.677999
0.969451 0.688864
0.960631 0.681021
0.972381 0.680227
0.972442 0.680166
0.971892 0.687155
0.972106 0.678701
0.972167 0.67806
0.153233 0.877255
0.152715 0.877071
0.156652 0.879116
0.149022 0.876858
0.152043 0.881436
0.153172 0.882931
0.15247 0.871609
0.1554 0.882534
0.152348 0.883023
0.159093 0.876888
0.159093 0.876339
0.156957 0.882076
0.14597 0.876827
0.15302 0.86993
0.148442 0.882809
0.153233 0.8699
0.146245 0.874783
0.148808 0.88348
0.145665 0.878536
0.161138 0.876156
0.82168 0.582049
0.821924 0.582812
0.819422 0.582415
0.819269 0.582141
0.820429 0.57976
0.820551 0.57796
0.818812 0.585192
0.821314 0.577746
0.819422 0.585803
0.824641 0.585467
0.826868 0.580126
0.823206 0.576373
0.82757 0.582415
0.82223 0.588061
0.821039 0.588366
0.816034 0.57799
0.828974 0.586871
0.819819 0.573382
0.81286 0.584155
0.820612 0.572985
0.191351 0.177892
0.190405 0.178503
0.190924 0.179724
0.189245 0.176916
0.189886 0.175237
0.186987 0.178777
0.187078 0.174596
0.18717 0.174291
0.195868 0.174352
0.195685 0.182043
0.185492 0.176489
0.189642 0.172094
0.189184 0.171911
0.186926 0.172796
0.197699 0.180425
0.185766 0.18305
0.196692 0.172094
0.183813 0.175451
0.184088 0.174718
0.186285 0.171575
0.817194 0.475265
0.816736 0.475936
0.816065 0.475753
0.815699 0.474136
0.81634 0.473342
0.816004 0.473403
0.817682 0.47795
0.814234 0.473312
0.81753 0.478835
0.816889 0.479598
0.821467 0.476608
0.8146 0.479293
0.816767 0.470199
0.814875 0.470443
0.821589 0.478591
0.820673 0.480422
0.824061 0.475478
0.821924 0.48088
0.823054 0.470473
0.812342 0.481307
0.155553 0.503922
0.154363 0.505844
0.157323 0.502457
0.157476 0.506272
0.15717 0.501297
0.154576 0.507675
0.158513 0.507035
0.157445 0.499191
0.158574 0.49968
0.16126 0.505539
0.149815 0.506149
0.150975 0.499802
0.157628 0.509873
0.149754 0.507431
0.154363 0.497208
0.159215 0.497604
0.162664 0.501968
0.147923 0.504837
0.163121 0.501907
0.161107 0.509598
0.732017 0.405591
0.730552 0.405011
0.734184 0.402448
0.728538 0.408795
0.731071 0.400464
0.737053 0.407056
0.728019 0.409162
0.729728 0.410718
0.726341 0.405042
0.727103 0.408765
0.731559 0.411695
0.737846 0.403211
0.738487 0.406842
0.737236 0.409864
0.738151 0.409162
0.737541 0.410077
0.735832 0.411603
0.727378 0.399823
0.738823 0.408704
0.726035 0.400922
0.27958 0.568743
0.280557 0.567888
0.280038 0.571398
0.281777 0.566851
0.279611 0.564959
0.274239 0.568468
0.280038 0.562639
0.276376 0.574084
0.276559 0.574511
0.282815 0.574511
0.286019 0.566362
0.285684 0.5656
0.28077 0.56148
0.272927 0.565081
0.27723 0.561083
0.279305 0.560717
0.277383 0.576586
0.277047 0.560991
0.274483 0.562334
0.284066 0.575671
0.682241 0.755852
0.680715 0.754936
0.68041 0.756676
0.682669 0.75341
0.68096 0.758446
0.681112 0.759148
0.678549 0.757744
0.682302 0.760125
0.679556 0.759362
0.677541 0.755455
0.686544 0.757866
0.679891 0.75103
0.678274 0.750908
0.688742 0.755364
0.678823 0.750298
0.688772 0.756706
0.675497 0.756829
0.688559 0.751854
0.689566 0.757408
0.682302 0.748222
0.721915 0.475295
0.721091 0.475661
0.72045 0.475143
0.722343 0.476791
0.720298 0.474136
0.723197 0.472701
0.723319 0.472488
0.721061 0.478957
0.724509 0.478042
0.724021 0.478561
0.725791 0.474136
0.724998 0.47792
0.720054 0.479354
0.726554 0.47618
0.721274 0.470412
0.717887 0.471511
0.726798 0.472243
0.727805 0.475204
0.723655 0.469497
0.723655 0.4691
0.12302 0.367809
0.121799 0.368145
0.122501 0.370495
0.121525 0.365398
0.124912 0.365551
0.121616 0.364116
0.119816 0.365429
0.125797 0.370891
0.125431 0.371258
0.118198 0.369182
0.120884 0.363048
0.124882 0.372814
0.121311 0.372936
0.125462 0.362987
0.117374 0.368542
0.11713 0.368206
0.11829 0.371715
0.116489 0.367077
0.119755 0.361614
0.116062 0.366161
0.834681 0.0350963
0.835231 0.0359203
0.835414 0.032075
0.837977 0.0355846
0.835688 0.0385754
0.837092 0.037843
0.83929 0.0357372
0.83227 0.0398572
0.829188 0.0360118
0.837153 0.029725
0.838496 0.0305185
0.839717 0.0383312
0.840907 0.0343944
0.831019 0.0406507
0.840785 0.037843
0.828578 0.0380566
0.837489 0.0287484
0.836756 0.0417798
0.827967 0.0330821
0.828303 0.0384838
0.517014 0.662984
0.519059 0.662923
0.515885 0.665548
0.514878 0.665548
0.520371 0.662038
0.51381 0.66512
0.513047 0.662496
0.520859 0.661672
0.515183 0.658986
0.513047 0.66509
0.518021 0.667501
0.514725 0.668294
0.519303 0.668508
0.518632 0.668752
0.515641 0.656941
0.513413 0.657796
0.518143 0.656362
0.523728 0.664418
0.523759 0.66509
0.513352 0.669271
0.426222 0.104678
0.427015 0.104495
0.425428 0.105899
0.425062 0.103336
0.424451 0.105869
0.423383 0.104617
0.428632 0.102939
0.427442 0.107639
0.430006 0.103854
0.430097 0.105777
0.425398 0.100009
0.42555 0.109806
0.429914 0.101047
0.421491 0.106845
0.421033 0.103763
0.42085 0.105075
0.422803 0.108982
0.426832 0.110263
0.420698 0.107334
0.420301 0.106784
0.949339 0.921384
0.948881 0.923246
0.945982 0.921232
0.950072 0.917356
0.951811 0.917783
0.953185 0.919187
0.946074 0.924589
0.95349 0.919431
0.9541 0.921537
0.945372 0.918638
0.947508 0.916562
0.954314 0.919187
0.943907 0.920682
0.95468 0.923063
0.951109 0.915983
0.944639 0.924955
0.952757 0.926267
0.956236 0.924436
0.949339 0.929075
0.947905 0.913816
0.549547 0.345988
0.549211 0.348064
0.549211 0.350017
0.551988 0.341777
0.544816 0.347453
0.548753 0.351054
0.543748 0.346843
0.554521 0.342357
0.552232 0.352367
0.543046 0.348888
0.542344 0.347362
0.548296 0.338633
0.551195 0.338664
0.555864 0.350383
0.545732 0.339183
0.542009 0.348247
0.544755 0.339213
0.551988 0.338054
0.541246 0.347545
0.553606 0.338572
0.471725 0.374981
0.470962 0.373608
0.471175 0.373455
0.471145 0.372936
0.471328 0.372478
0.474563 0.375164
0.468886 0.376019
0.469039 0.373119
0.470412 0.378124
0.468215 0.375256
0.469436 0.371685
0.475661 0.376019
0.469924 0.378826
0.467788 0.376965
0.470229 0.379315
0.467025 0.375103
0.471419 0.379864
0.466964 0.372082
0.477554 0.374096
0.477645 0.374889
0.84698 0.316874
0.846797 0.317637
0.848292 0.317545
0.845424 0.317209
0.848567 0.31724
0.848262 0.318979
0.849849 0.318064
0.849788 0.31373
0.844325 0.313578
0.849086 0.313059
0.844752 0.312479
0.852077 0.315226
0.848079 0.322428
0.852748 0.316507
0.842036 0.31373
0.85052 0.321665
0.849696 0.322336
0.848445 0.322855
0.842311 0.320933
0.852474 0.320872
0.456099 0.271889
0.456801 0.272317
0.454939 0.273263
0.459426 0.272317
0.454421 0.275399
0.45201 0.272713
0.461104 0.271767
0.460921 0.268593
0.452345 0.266579
0.461379 0.26783
0.462539 0.274453
0.448347 0.273629
0.463881 0.270241
0.463057 0.267861
0.459304 0.264504
0.451155 0.278329
0.448622 0.268715
0.452589 0.264534
0.45851 0.279855
0.452773 0.264077
0.982971 0.2978
0.982696 0.295175
0.980407 0.298624
0.983184 0.301492
0.981353 0.301431
0.985626 0.300974
0.985107 0.294168
0.981536 0.302347
0.980926 0.292947
0.98825 0.299387
0.978423 0.301035
0.985717 0.292459
0.976287 0.298227
0.97647 0.296152
0.982818 0.290994
0.989074 0.301157
0.983123 0.289987
0.988922 0.303018
0.984954 0.289956
0.983367 0.289621
0.739189 0.567278
0.738884 0.568865
0.739525 0.569628
0.73925 0.56444
0.742271 0.56563
0.737815 0.563952
0.734275 0.5656
0.743034 0.563768
0.737144 0.562029
0.736686 0.572436
0.738762 0.573748
0.745842 0.565752
0.742119 0.573748
0.744163 0.56209
0.74575 0.571825
0.743065 0.57448
0.736137 0.574908
0.739341 0.558702
0.745567 0.573565
0.738823 0.576373
0.19599 0.761315
0.196753 0.763146
0.198309 0.761162
0.198096 0.75988
0.198157 0.757836
0.20014 0.760826
0.198187 0.756584
0.201331 0.763756
0.192633 0.756127
0.192511 0.76693
0.198614 0.76751
0.193793 0.768395
0.20011 0.755058
0.19303 0.768975
0.200293 0.768975
0.187078 0.761284
0.200537 0.769097
0.199469 0.752709
0.205329 0.761589
0.190619 0.769005
0.839442 0.397656
0.838343 0.399365
0.8399 0.394604
0.839778 0.400983
0.836848 0.400678
0.841243 0.401898
0.834254 0.397473
0.842769 0.402173
0.839686 0.391949
0.842036 0.402753
0.83343 0.40083
0.8464 0.398267
0.834132 0.392438
0.846736 0.399792
0.837764 0.390118
0.846248 0.3932
0.831904 0.401044
0.832911 0.402783
0.843287 0.405316
0.843165 0.405377
0.5009 0.890164
0.500412 0.889615
0.500839 0.889401
0.503433 0.890347
0.498489 0.889309
0.501114 0.88757
0.501389 0.892972
0.500534 0.893063
0.503067 0.892544
0.502426 0.886715
0.504868 0.890988
0.50087 0.894284
0.50502 0.889523
0.499649 0.895047
0.504654 0.886349
0.506516 0.889309
0.49559 0.887631
0.496109 0.886715
0.500809 0.883938
0.499039 0.897458
0.0274667 0.994629
0.028779 0.995239
0.0262154 0.998383
0.0296335 0.990905
0.0294504 0.998779
0.0275582 0.989868
0.0228889 0.997497
0.0295114 0.98938
0.0283517 0.988739
0.0282296 0.988647
0.0309458 0.999756
0.0227058 0.989959
0.0340281 0.992492
0.0290231 0.987426
0.0199591 0.993988
0.0199896 0.996887
0.0215766 1
0.0345775 0.998962
0.0186773 0.99353
0.0185858 0.993957
0.572588 0.0505081
0.574664 0.0494705
0.570482 0.0489517
0.569384 0.0532243
0.575426 0.0537126
0.568072 0.0494095
0.573962 0.0455641
0.568865 0.0467544
0.574664 0.0555437
0.573687 0.0448622
0.574786 0.0450758
0.566912 0.0528275
0.570055 0.0446181
0.576922 0.0455031
0.565874 0.0492264
0.56972 0.0568255
0.565325 0.0505692
0.579424 0.0480056
0.566179 0.0541704
0.579882 0.0476394
0.531327 0.194067
0.531419 0.194769
0.531236 0.193213
0.531907 0.195502
0.533006 0.194433
0.532334 0.196081
0.53386 0.19245
0.535234 0.193548
0.534654 0.197394
0.535783 0.192389
0.528184 0.189764
0.536729 0.195441
0.528977 0.189001
0.535112 0.189947
0.532273 0.199896
0.533494 0.187872
0.524949 0.196295
0.525834 0.189825
0.523942 0.195288
0.523728 0.195654
0.843043 0.626759
0.843043 0.626972
0.844539 0.62801
0.843562 0.624622
0.844661 0.624439
0.840999 0.629963
0.846583 0.628162
0.845607 0.622761
0.844447 0.622028
0.838588 0.624622
0.837855 0.626698
0.84225 0.621387
0.843776 0.632588
0.839167 0.631703
0.84698 0.621723
0.837489 0.623524
0.848262 0.631031
0.847865 0.631642
0.835597 0.62624
0.837794 0.632069
0.657613 0.197851
0.655629 0.19779
0.660573 0.198218
0.660604 0.196631
0.660115 0.200232
0.654561 0.195196
0.661611 0.197027
0.654469 0.194922
0.658437 0.193487
0.653218 0.195807
0.660695 0.193457
0.663747 0.195654
0.660115 0.203955
0.651479 0.200415
0.656575 0.204505
0.663015 0.193548
0.650746 0.199591
0.654805 0.204596
0.653981 0.204352
0.663259 0.202795
0.842158 0.123325
0.843165 0.122593
0.841975 0.122044
0.841578 0.121128
0.842494 0.125645
0.842952 0.120121
0.844417 0.11948
0.84637 0.12186
0.83871 0.120212
0.846614 0.12537
0.846217 0.120243
0.836726 0.122318
0.836512 0.124882
0.836909 0.126102
0.847194 0.119449
0.837855 0.117679
0.849025 0.12122
0.848567 0.12711
0.848384 0.118961
0.83459 0.12418
0.109928 0.743126
0.111911 0.743248
0.109653 0.745445
0.11243 0.742363
0.108158 0.746025
0.107273 0.746086
0.109867 0.739097
0.114505 0.742515
0.111515 0.747887
0.106204 0.739341
0.104129 0.743522
0.104434 0.747429
0.113773 0.737266
0.104221 0.747215
0.103702 0.73925
0.10239 0.740654
0.11829 0.742515
0.117344 0.738578
0.110416 0.734428
0.118381 0.740959
0.314066 0.941069
0.314096 0.942839
0.316202 0.940855
0.31193 0.939604
0.310343 0.940825
0.312967 0.936827
0.310465 0.943602
0.313242 0.935881
0.318949 0.938597
0.31019 0.936979
0.319926 0.942869
0.313272 0.947233
0.318339 0.936399
0.31666 0.93527
0.320597 0.940489
0.316691 0.947203
0.318705 0.946074
0.312937 0.947905
0.321207 0.939787
0.313211 0.948332
0.286081 0.336314
0.288827 0.336772
0.287057 0.339396
0.286386 0.339549
0.284158 0.332713
0.289224 0.339427
0.282296 0.333995
0.28431 0.340648
0.288308 0.340495
0.290017 0.339
0.280892 0.336009
0.291116 0.334452
0.291513 0.336436
0.282083 0.332408
0.286691 0.342326
0.280007 0.333934
0.279244 0.3361
0.29252 0.333415
0.292154 0.332682
0.282571 0.330088
0.140263 0.733085
0.142735 0.732475
0.137516 0.734581
0.144017 0.735343
0.138676 0.737907
0.140172 0.738517
0.144841 0.736381
0.14011 0.738975
0.145604 0.736106
0.147404 0.734245
0.139409 0.740532
0.143529 0.726035
0.138646 0.725455
0.136631 0.726096
0.147862 0.735374
0.142582 0.7416
0.149022 0.734581
0.148686 0.736045
0.149358 0.731986
0.131382 0.735435
0.83462 0.707999
0.834223 0.705985
0.835963 0.710746
0.831538 0.7116
0.830988 0.711051
0.839656 0.708762
0.82992 0.704428
0.830378 0.70333
0.830958 0.702658
0.828364 0.710227
0.827906 0.707816
0.838191 0.702078
0.833064 0.715537
0.836543 0.70043
0.838343 0.714927
0.829249 0.702078
0.830714 0.70098
0.82635 0.710196
0.826197 0.706015
0.827845 0.702536
0.600238 0.747215
0.599963 0.748924
0.598498 0.747612
0.598407 0.747124
0.597278 0.745628
0.600024 0.751701
0.599811 0.752342
0.604663 0.749901
0.596118 0.75103
0.595721 0.742393
0.593951 0.749901
0.607105 0.7481
0.607105 0.748131
0.600177 0.754143
0.595111 0.742058
0.6068 0.743828
0.60564 0.741905
0.592975 0.750023
0.594836 0.753197
0.593371 0.742576
0.252724 0.144475
0.251656 0.146733
0.252571 0.147313
0.255226 0.141942
0.249702 0.146367
0.256478 0.145177
0.254524 0.148015
0.253243 0.140477
0.24897 0.146031
0.249702 0.147221
0.256508 0.142064
0.257271 0.145299
0.247871 0.144932
0.253365 0.149541
0.250038 0.14011
0.250801 0.149632
0.25135 0.138829
0.251534 0.138462
0.246681 0.145756
0.256478 0.13892
0.00161748 0.0610065
0.000915555 0.0627461
0.0011597 0.0591449
0.00332652 0.0640889
0.00384533 0.0650349
0.00555437 0.0584735
0.0013123 0.0657979
0.00219733 0.066744
0.00781274 0.0614948
0.000274667 0.0673238
0.00628681 0.0559099
0.00860622 0.0619221
0.00454726 0.054445
0.00717185 0.0558489
0.00955229 0.0640889
0.00546281 0.0691244
0.00628681 0.0532548
0.0108341 0.0616779
0.0110782 0.060976
0.0112613 0.0623188
0.806238 0.852626
0.806024 0.850703
0.804773 0.850703
0.808344 0.851009
0.803858 0.851344
0.809076 0.85287
0.809198 0.850032
0.809931 0.850734
0.801996 0.853603
0.804346 0.856685
0.809198 0.849116
0.80636 0.847682
0.804682 0.847865
0.811335 0.853114
0.803217 0.857082
0.808802 0.847346
0.807306 0.85873
0.804102 0.85873
0.801721 0.847896
0.799554 0.853633
0.210578 0.115604
0.210211 0.116245
0.20896 0.113407
0.211707 0.112125
0.208197 0.112735
0.211585 0.111759
0.209601 0.120212
0.215583 0.111698
0.20658 0.11066
0.211463 0.109165
0.21485 0.110569
0.210242 0.122379
0.213355 0.121921
0.203742 0.116581
0.214454 0.109104
0.213843 0.108707
0.217444 0.119083
0.206397 0.108646
0.202155 0.114963
0.213507 0.107456
0.553209 0.0142521
0.552812 0.0128178
0.552507 0.0123905
0.552812 0.0163884
0.552446 0.0167241
0.55089 0.0165716
0.556352 0.0130924
0.550127 0.0110172
0.549486 0.0170904
0.557543 0.0123295
0.550981 0.0185247
0.557756 0.0113529
0.555986 0.00915555
0.54973 0.00955229
0.549455 0.0188604
0.558031 0.0104984
0.555406 0.0199896
0.556108 0.0197455
0.55324 0.0208441
0.559526 0.0115665
0.113773 0.454512
0.112705 0.454085
0.11655 0.455214
0.116062 0.456618
0.110691 0.455367
0.112674 0.457625
0.110965 0.452071
0.109531 0.45613
0.118442 0.456496
0.112339 0.449629
0.112308 0.460219
0.119602 0.455885
0.12006 0.454451
0.119968 0.453017
0.115574 0.460646
0.120121 0.453536
0.110111 0.449171
0.116642 0.460494
0.117862 0.449202
0.117405 0.448866
0.75222 0.686148
0.751793 0.684835
0.754051 0.686331
0.749535 0.68746
0.748802 0.686514
0.74807 0.68688
0.756249 0.684866
0.750664 0.691214
0.756401 0.689566
0.757591 0.682669
0.747459 0.681692
0.745628 0.685904
0.754601 0.692709
0.745994 0.689627
0.753868 0.679067
0.744621 0.684194
0.760094 0.68569
0.757561 0.679922
0.756737 0.679159
0.75689 0.678518
0.543443 0.0738853
0.544023 0.0754112
0.542619 0.0723594
0.545427 0.0735496
0.545518 0.0731834
0.546129 0.0743736
0.544877 0.0707419
0.541551 0.0782495
0.541765 0.0784631
0.548357 0.071688
0.547533 0.0693686
0.549303 0.0710471
0.548021 0.0690634
0.53679 0.0738548
0.536241 0.0745872
0.540513 0.0811487
0.549974 0.0784631
0.535691 0.0762963
0.544145 0.0820643
0.552171 0.0748619
0.43672 0.201941
0.435896 0.201117
0.438246 0.201849
0.435255 0.202948
0.434584 0.202704
0.435286 0.20423
0.436445 0.205115
0.440413 0.202673
0.434126 0.198553
0.435835 0.206763
0.431715 0.202826
0.437056 0.207251
0.441908 0.199408
0.440748 0.206488
0.432722 0.206671
0.431257 0.205481
0.443312 0.200262
0.443403 0.203253
0.443556 0.201331
0.430006 0.200262
0.696219 0.290353
0.697592 0.290689
0.69805 0.28959
0.692526 0.289926
0.697562 0.28663
0.700186 0.289804
0.700888 0.290658
0.69631 0.295419
0.693503 0.286019
0.701071 0.292032
0.700034 0.286355
0.691549 0.293344
0.699698 0.294809
0.693686 0.29548
0.694601 0.28431
0.700308 0.29545
0.690268 0.2931
0.689596 0.289834
0.702719 0.292184
0.692312 0.296365
